object Form1: TForm1
  Left = 0
  Top = 0
  ClientHeight = 504
  ClientWidth = 360
  FormFactor.Width = 320
  FormFactor.Height = 480
  FormFactor.Devices = [Desktop]
  DesignerMasterStyle = 0
  object Button1: TButton
    Position.X = 80.000000000000000000
    Position.Y = 176.000000000000000000
    Size.Width = 201.000000000000000000
    Size.Height = 121.000000000000000000
    Size.PlatformDefault = False
    StyleLookup = 'playtoolbutton'
    TabOrder = 1
    Text = 'Button1'
  end
end
